01234567890
98765432109
56789012345
23456789012
89012345678
34567890123
67890123456
45678901234
90123456789
12345678901
98765432109
34567890123
89012345678
45678901234
67890123456
23456789012
01234567890
78901234567
12345678901
90123456789
34567890123
56789012345
89012345678
01234567890
23456789012
56789012345
78901234567
90123456789
34567890123
45678901234
67890123456
78901234567
56789012345
12345678901
45678901234
90123456789
23456789012
01234567890
78901234567
34567890123
67890123456
89012345678
12345678901
56789012345
01234567890
45678901234
78901234567
23456789012
89012345678
34567890123
56789012345
78901234567
90123456789
12345678901
23456789012
56789012345
01234567890
78901234567
45678901234
90123456789
34567890123
89012345678
12345678901
45678901234
56789012345
78901234567
01234567890
23456789012
90123456789
34567890123
56789012345
78901234567
01234567890
89012345678
23456789012
45678901234
67890123456
90123456789
34567890123
56789012345
12345678901
89012345678
01234567890
23456789012
67890123456
78901234567
45678901234
90123456789
34567890123
01234567890
89012345678
12345678901
234567890
